Prime factors for k
2: 1
3: 1
5: 2
7: 1
11: 1
13: 2 5 5
17: 2
19: 3 3
23: 1
29: 2 13 13
31: 7 7
37: 2
41: 2 5 5
43: 3 3 3 3
47: 1
53: 2 5 5 5 5
59: 3 3
61: 2 5 5 761 761
67: 3 3 3 3 3 3
71: 7 7
73: 2 5 5 5 5 5 5
79: 1
83: 1
89: 2 53 53
97: 2 569 569
101: 2
103: 47 47
107: 3 3
109: 2 5 5 5 5 34061 34061
113: 2 73 73
127: 193 193
131: 3 3 3 3
137: 2 149 149
139: 3 3 3 3 83 83
149: 2 5 5 1861 1861
151: 17 17 199 199
157: 2 5 5 13 13 17 17 349 349
163: 3 3 11 11 19 19
167: 1
173: 2 5 5 17 17
179: 3 3 3 3 17 17
181: 2 2 2 5 5 68222249276911
191: 7 7 31 31
193: 2 5 5 109 109 233 233
197: 2
199: 9041 9041
211: 3 3 12107 12107
223: 1
227: 1
229: 2 113 113
233: 2 37 37 41 41
239: 7 7 23 23
241: 2 5 5 5 5 182969 182969
251: 11 11 11 11
257: 2
263: 23 23
269: 2 5 5
271: 137 137 151 151
281: 2 5 5 12689 12689
283: 3 3 233 233
293: 2 5 5 29 29
307: 3 3 179 179
311: 233 233
313: 2 5 5 17 17 29 29 2909 2909
317: 2 5 5 17 17 233 233
331: 3 3 3 3 97 97 3323 3323
337: 2 2 2 2 2 3 5 1383391 9222607
347: 43 43
349: 2 17 17 29 29
353: 2 3793 3793
359: 1
367: 23 23 313 313
373: 2 5 5 53 53
379: 3 3 17 17 114577 114577
383: 7 7
389: 2 5 5 13 13
401: 2
419: 11 11 73 73
431: 593 593
439: 1
443: 1
449: 2 5 5 1788341 1788341
461: 2 17 17 29 29 2297 2297
463: 17 17 41 41 1049 1049
467: 59 59
479: 79 79
487: 137 137 2383 2383
491: 3 3 4603 4603
499: 3 3
503: 7 7
509: 2 41 41 427813 427813
521: 2 733 733 7673 7673
523: 3 3 11 11 379 379
547: 3 3 180379 180379
557: 2 5 5
563: 11 11
569: 2 2 2 2 2 3 5 5 5 5 7 79 149 1031 5779
577: 2
587: 3 3 19 19
593: 2 5 5 4933 4933
599: 89 89 2281 2281
607: 41 41 401 401
617: 2 17 17 97117 97117
619: 3 3 41 41 235009 235009
643: 3 3 18539 18539
647: 431 431
653: 2 2 2 2 2 2 2 2 3 5 5 7 11 17 1213 527441
659: 3 3
677: 2
683: 499 499
701: 2 5 5 89 89
709: 2 13 13 52709 52709
719: 23689 23689
727: 1
733: 2 5 5 73 73
743: 31 31
757: 2 157 157 317 317
761: 2 29 29
773: 2 5 5 9661 9661
787: 3 3 3 3 11 11 67 67
797: 2 5 5 13 13 13469 13469
811: 2 2 2 2 5 5 7 13 79 1493 396937
827: 3 3 11 11
829: 2 5 5 17 17 6329 6329
839: 1
857: 2 5 5 5 5 11093 11093
863: 41 41 113 113
877: 2 29 29 281 281
887: 23 23
911: 79 79 8087 8087
941: 2 2 2 2 3 3 5 11 31 1021 1061 4271
947: 3 3 1259 1259
953: 2 2 2 5 5 643 123131927201
967: 2 2 2 2 3 5 2889217 6934121
971: 73 73 1553 1553
983: 17 17
997: 2 2689 2689

Prime factors for kd+2 or kd-2
2: 1
3: 1
5: 2 2 2
7: 3 3
11: 3 3
13: 2 2 2 3 3 3 3
17: 2 2 2 2 2
19: 13 13
23: 5 5
29: 2 2 2 5 5 7 7
31: 3 3 13 13
37: 2 2 2 3 3
41: 2 2 2 2 2 2 2 2 2 2 2
43: 59 59
47: 7 7
53: 2 2 2 7 7 13 13
59: 23 23
61: 2 2 2 3 3 3 3 13 13 127 127
67: 13 13 17 17
71: 59 59
73: 2 2 2 2 2 3 3 89 89
79: 3 3 3 3
83: 3 3 3 3
89: 2 2 2 2 2 5 5 5 5 5 5
97: 2 2 2 2 2 3 3 467 467
101: 2 2 2 5 5
103: 3 3 3 3 53 53
107: 31 31
109: 2 2 2 3 3 3 3 3 3 7 7 29 29 811 811
113: 2 2 2 2 2 2 2 97 97
127: 3 3 5 5 5 5 29 29
131: 103 103
137: 2 2 2 2 2 2 2 2 2 109 109
139: 8807 8807
149: 2 2 2 7 7 7 7 19 19 61 61
151: 3 3 3 3 31 31 149 149
157: 2 2 2 3 3 3 3 19 19 71 71 199 199
163: 5 5 1601 1601
167: 13 13
173: 2 2 2 13 13 43 43
179: 23 23 89 89
181: 2 23 29 4243 16519 26413259
191: 2999 2999
193: 2 2 2 2 2 3 3 147011 147011
197: 2 2 2 7 7
199: 3 3 3 3 37 37 383 383
211: 11 11 47963 47963
223: 3 3 5 5
227: 3 3 5 5
229: 2 2 2 3 3 3 3 5 5 19 19
233: 2 2 2 2 2 7 7 827 827
239: 19 19 131 131
241: 2 2 2 2 2 3 3 229 229 25841 25841
251: 3 3 3 3 3 3 71 71
257: 2 2 2 2 2 2 2 2 2
263: 373 373
269: 2 2 2 41 41
271: 3 3 3 3 3 3 12613 12613
281: 2 2 2 2 2 265883 265883
283: 11 11 1069 1069
293: 2 2 2 17 17 73 73
307: 97 97 97 97
311: 7 7 587 587
313: 2 2 2 2 2 2 2 2 2 2 2 3 3 1321483 1321483
317: 2 2 2 7 7 89 89 283 283
331: 13 13 37 37 179 179 613 613
337: 2 11 97 223 22669 191310209
347: 3 3 3 3 89 89
349: 2 2 2 3 3 5 5 307 307
353: 2 2 2 2 2 2 2 2 2 2 2 17 17 131 131
359: 19 19
367: 3 3 45971 45971
373: 2 2 2 3 3 853 853
379: 113759383 113759383
383: 137 137
389: 2 2 2 641 641
401: 2 2 2 2 2 5 5
419: 3 3 5479 5479
431: 13 13 947 947
439: 3 3 7 7
443: 3 3 7 7
449: 2 2 2 2 2 23 23 41 41 50231 50231
461: 2 2 2 5 5 19 19 73 73 1753 1753
463: 3 3 5244179 5244179
467: 3 3 5 5 5 5 17 17
479: 7 7 13 13 19 19
487: 3 3 13 13 184733 184733
491: 11 11 27817 27817
499: 67 67
503: 157 157
509: 2 2 2 5 5 5 5 37 37 409 409 523 523
521: 2 2 2 2 2 2 2 5 5 3209431 3209431
523: 5 5 5 5 17 17 673 673
547: 12656129 12656129
557: 2 2 2 59 59
563: 3 3 3 3 29 29
569: 2 1699 108887 45298817923
577: 2 2 2 2 2 2 2 3 3
587: 1381 1381
593: 2 2 2 2 2 2 2 75079 75079
599: 17 17 292267 292267
607: 3 3 3 3 45007 45007
617: 2 2 2 2 2 11 11 932039 932039
619: 13 29 1371919126136029
643: 5 5 13 13 13 13 1669 1669
647: 19 19 577 577
653: 2 19 47 35353 166295698531
659: 7 7 11 11
677: 2 2 2 13 13
683: 3 3 3 3 3 3 3 3 7 7 23 23
701: 2 2 2 43 43 137 137
709: 2 2 2 3 3 5 5 608177 608177
719: 7 7 103 103 881 881
727: 3 3 3 3 3 3
733: 2 2 2 3 3 3 3 3 3 3 3 61 61
743: 5 5 13 13 13 13
757: 2 2 2 3 3 7 7 32603 32603
761: 2 2 2 2 2 2 2 2 2 2 2 5 5 5 5
773: 2 2 2 139 139 4831 4831
787: 317 317 587 587
797: 2 2 2 151 151 223 223 367 367
811: 2 3 230345360596435933
827: 13 13 73 73
829: 2 2 2 3 3 281 281 9187 9187
839: 29 29
857: 2 2 2 2 2 2 2 1014821 1014821
863: 11 11 12373 12373
877: 2 2 2 3 3 3 3 3 3 41 41 109 109
887: 5 5 137 137
911: 31 31 71 71 8761 8761
941: 2 41 439 29694008166841
947: 47 47 2473 2473
953: 2 3 7 19 31 53 11509702317007
967: 2 17 45340181 3016109653
971: 3 3 89 89 101 101 131 131
983: 13 13 41 41
997: 2 2 2 3 3 3 3 53 53 89 89